Loan amount: 425000.0   Total loan term: 360   Interest rate: 5.0  
Linear total paid amount: 744635.42| Total Interest paid: 319635.42
Annuity total paid amount: 821337.08| Total Interest paid: 396337.08
Difference in total paid:76701.67

|Month| |Monthly Payment| |Monthly Contribution| |Monthly Interest| |Left to pay| 

1   2951.39   1180.56   1770.83   425000.0
2   2946.47   1180.56   1765.91   423819.44
3   2941.55   1180.56   1761.0   422638.89
4   2936.63   1180.56   1756.08   421458.33
5   2931.71   1180.56   1751.16   420277.78
6   2926.79   1180.56   1746.24   419097.22
7   2921.88   1180.56   1741.32   417916.67
8   2916.96   1180.56   1736.4   416736.11
9   2912.04   1180.56   1731.48   415555.56
10   2907.12   1180.56   1726.56   414375.0
11   2902.2   1180.56   1721.64   413194.44
12   2897.28   1180.56   1716.72   412013.89
13   2892.36   1180.56   1711.81   410833.33
14   2887.44   1180.56   1706.89   409652.78
15   2882.52   1180.56   1701.97   408472.22
16   2877.6   1180.56   1697.05   407291.67
17   2872.69   1180.56   1692.13   406111.11
18   2867.77   1180.56   1687.21   404930.56
19   2862.85   1180.56   1682.29   403750.0
20   2857.93   1180.56   1677.37   402569.44
21   2853.01   1180.56   1672.45   401388.89
22   2848.09   1180.56   1667.53   400208.33
23   2843.17   1180.56   1662.62   399027.78
24   2838.25   1180.56   1657.7   397847.22
25   2833.33   1180.56   1652.78   396666.67
26   2828.41   1180.56   1647.86   395486.11
27   2823.5   1180.56   1642.94   394305.56
28   2818.58   1180.56   1638.02   393125.0
29   2813.66   1180.56   1633.1   391944.44
30   2808.74   1180.56   1628.18   390763.89
31   2803.82   1180.56   1623.26   389583.33
32   2798.9   1180.56   1618.34   388402.78
33   2793.98   1180.56   1613.43   387222.22
34   2789.06   1180.56   1608.51   386041.67
35   2784.14   1180.56   1603.59   384861.11
36   2779.22   1180.56   1598.67   383680.56
37   2774.31   1180.56   1593.75   382500.0
38   2769.39   1180.56   1588.83   381319.44
39   2764.47   1180.56   1583.91   380138.89
40   2759.55   1180.56   1578.99   378958.33
41   2754.63   1180.56   1574.07   377777.78
42   2749.71   1180.56   1569.16   376597.22
43   2744.79   1180.56   1564.24   375416.67
44   2739.87   1180.56   1559.32   374236.11
45   2734.95   1180.56   1554.4   373055.56
46   2730.03   1180.56   1549.48   371875.0
47   2725.12   1180.56   1544.56   370694.44
48   2720.2   1180.56   1539.64   369513.89
49   2715.28   1180.56   1534.72   368333.33
50   2710.36   1180.56   1529.8   367152.78
51   2705.44   1180.56   1524.88   365972.22
52   2700.52   1180.56   1519.97   364791.67
53   2695.6   1180.56   1515.05   363611.11
54   2690.68   1180.56   1510.13   362430.56
55   2685.76   1180.56   1505.21   361250.0
56   2680.84   1180.56   1500.29   360069.44
57   2675.93   1180.56   1495.37   358888.89
58   2671.01   1180.56   1490.45   357708.33
59   2666.09   1180.56   1485.53   356527.78
60   2661.17   1180.56   1480.61   355347.22
61   2656.25   1180.56   1475.69   354166.67
62   2651.33   1180.56   1470.78   352986.11
63   2646.41   1180.56   1465.86   351805.56
64   2641.49   1180.56   1460.94   350625.0
65   2636.57   1180.56   1456.02   349444.44
66   2631.66   1180.56   1451.1   348263.89
67   2626.74   1180.56   1446.18   347083.33
68   2621.82   1180.56   1441.26   345902.78
69   2616.9   1180.56   1436.34   344722.22
70   2611.98   1180.56   1431.42   343541.67
71   2607.06   1180.56   1426.5   342361.11
72   2602.14   1180.56   1421.59   341180.56
73   2597.22   1180.56   1416.67   340000.0
74   2592.3   1180.56   1411.75   338819.44
75   2587.38   1180.56   1406.83   337638.89
76   2582.47   1180.56   1401.91   336458.33
77   2577.55   1180.56   1396.99   335277.78
78   2572.63   1180.56   1392.07   334097.22
79   2567.71   1180.56   1387.15   332916.67
80   2562.79   1180.56   1382.23   331736.11
81   2557.87   1180.56   1377.31   330555.56
82   2552.95   1180.56   1372.4   329375.0
83   2548.03   1180.56   1367.48   328194.44
84   2543.11   1180.56   1362.56   327013.89
85   2538.19   1180.56   1357.64   325833.33
86   2533.28   1180.56   1352.72   324652.78
87   2528.36   1180.56   1347.8   323472.22
88   2523.44   1180.56   1342.88   322291.67
89   2518.52   1180.56   1337.96   321111.11
90   2513.6   1180.56   1333.04   319930.56
91   2508.68   1180.56   1328.12   318750.0
92   2503.76   1180.56   1323.21   317569.44
93   2498.84   1180.56   1318.29   316388.89
94   2493.92   1180.56   1313.37   315208.33
95   2489.0   1180.56   1308.45   314027.78
96   2484.09   1180.56   1303.53   312847.22
97   2479.17   1180.56   1298.61   311666.67
98   2474.25   1180.56   1293.69   310486.11
99   2469.33   1180.56   1288.77   309305.56
100   2464.41   1180.56   1283.85   308125.0
101   2459.49   1180.56   1278.94   306944.44
102   2454.57   1180.56   1274.02   305763.89
103   2449.65   1180.56   1269.1   304583.33
104   2444.73   1180.56   1264.18   303402.78
105   2439.81   1180.56   1259.26   302222.22
106   2434.9   1180.56   1254.34   301041.67
107   2429.98   1180.56   1249.42   299861.11
108   2425.06   1180.56   1244.5   298680.56
109   2420.14   1180.56   1239.58   297500.0
110   2415.22   1180.56   1234.66   296319.44
111   2410.3   1180.56   1229.75   295138.89
112   2405.38   1180.56   1224.83   293958.33
113   2400.46   1180.56   1219.91   292777.78
114   2395.54   1180.56   1214.99   291597.22
115   2390.62   1180.56   1210.07   290416.67
116   2385.71   1180.56   1205.15   289236.11
117   2380.79   1180.56   1200.23   288055.56
118   2375.87   1180.56   1195.31   286875.0
119   2370.95   1180.56   1190.39   285694.44
120   2366.03   1180.56   1185.47   284513.89
121   2361.11   1180.56   1180.56   283333.33
122   2356.19   1180.56   1175.64   282152.78
123   2351.27   1180.56   1170.72   280972.22
124   2346.35   1180.56   1165.8   279791.67
125   2341.44   1180.56   1160.88   278611.11
126   2336.52   1180.56   1155.96   277430.56
127   2331.6   1180.56   1151.04   276250.0
128   2326.68   1180.56   1146.12   275069.44
129   2321.76   1180.56   1141.2   273888.89
130   2316.84   1180.56   1136.28   272708.33
131   2311.92   1180.56   1131.37   271527.78
132   2307.0   1180.56   1126.45   270347.22
133   2302.08   1180.56   1121.53   269166.67
134   2297.16   1180.56   1116.61   267986.11
135   2292.25   1180.56   1111.69   266805.56
136   2287.33   1180.56   1106.77   265625.0
137   2282.41   1180.56   1101.85   264444.44
138   2277.49   1180.56   1096.93   263263.89
139   2272.57   1180.56   1092.01   262083.33
140   2267.65   1180.56   1087.09   260902.78
141   2262.73   1180.56   1082.18   259722.22
142   2257.81   1180.56   1077.26   258541.67
143   2252.89   1180.56   1072.34   257361.11
144   2247.97   1180.56   1067.42   256180.56
145   2243.06   1180.56   1062.5   255000.0
146   2238.14   1180.56   1057.58   253819.44
147   2233.22   1180.56   1052.66   252638.89
148   2228.3   1180.56   1047.74   251458.33
149   2223.38   1180.56   1042.82   250277.78
150   2218.46   1180.56   1037.91   249097.22
151   2213.54   1180.56   1032.99   247916.67
152   2208.62   1180.56   1028.07   246736.11
153   2203.7   1180.56   1023.15   245555.56
154   2198.78   1180.56   1018.23   244375.0
155   2193.87   1180.56   1013.31   243194.44
156   2188.95   1180.56   1008.39   242013.89
157   2184.03   1180.56   1003.47   240833.33
158   2179.11   1180.56   998.55   239652.78
159   2174.19   1180.56   993.63   238472.22
160   2169.27   1180.56   988.72   237291.67
161   2164.35   1180.56   983.8   236111.11
162   2159.43   1180.56   978.88   234930.56
163   2154.51   1180.56   973.96   233750.0
164   2149.59   1180.56   969.04   232569.44
165   2144.68   1180.56   964.12   231388.89
166   2139.76   1180.56   959.2   230208.33
167   2134.84   1180.56   954.28   229027.78
168   2129.92   1180.56   949.36   227847.22
169   2125.0   1180.56   944.44   226666.67
170   2120.08   1180.56   939.53   225486.11
171   2115.16   1180.56   934.61   224305.56
172   2110.24   1180.56   929.69   223125.0
173   2105.32   1180.56   924.77   221944.44
174   2100.41   1180.56   919.85   220763.89
175   2095.49   1180.56   914.93   219583.33
176   2090.57   1180.56   910.01   218402.78
177   2085.65   1180.56   905.09   217222.22
178   2080.73   1180.56   900.17   216041.67
179   2075.81   1180.56   895.25   214861.11
180   2070.89   1180.56   890.34   213680.56
181   2065.97   1180.56   885.42   212500.0
182   2061.05   1180.56   880.5   211319.44
183   2056.13   1180.56   875.58   210138.89
184   2051.22   1180.56   870.66   208958.33
185   2046.3   1180.56   865.74   207777.78
186   2041.38   1180.56   860.82   206597.22
187   2036.46   1180.56   855.9   205416.67
188   2031.54   1180.56   850.98   204236.11
189   2026.62   1180.56   846.06   203055.56
190   2021.7   1180.56   841.15   201875.0
191   2016.78   1180.56   836.23   200694.44
192   2011.86   1180.56   831.31   199513.89
193   2006.94   1180.56   826.39   198333.33
194   2002.03   1180.56   821.47   197152.78
195   1997.11   1180.56   816.55   195972.22
196   1992.19   1180.56   811.63   194791.67
197   1987.27   1180.56   806.71   193611.11
198   1982.35   1180.56   801.79   192430.56
199   1977.43   1180.56   796.87   191250.0
200   1972.51   1180.56   791.96   190069.44
201   1967.59   1180.56   787.04   188888.89
202   1962.67   1180.56   782.12   187708.33
203   1957.75   1180.56   777.2   186527.78
204   1952.84   1180.56   772.28   185347.22
205   1947.92   1180.56   767.36   184166.67
206   1943.0   1180.56   762.44   182986.11
207   1938.08   1180.56   757.52   181805.56
208   1933.16   1180.56   752.6   180625.0
209   1928.24   1180.56   747.69   179444.44
210   1923.32   1180.56   742.77   178263.89
211   1918.4   1180.56   737.85   177083.33
212   1913.48   1180.56   732.93   175902.78
213   1908.56   1180.56   728.01   174722.22
214   1903.65   1180.56   723.09   173541.67
215   1898.73   1180.56   718.17   172361.11
216   1893.81   1180.56   713.25   171180.56
217   1888.89   1180.56   708.33   170000.0
218   1883.97   1180.56   703.41   168819.44
219   1879.05   1180.56   698.5   167638.89
220   1874.13   1180.56   693.58   166458.33
221   1869.21   1180.56   688.66   165277.78
222   1864.29   1180.56   683.74   164097.22
223   1859.37   1180.56   678.82   162916.67
224   1854.46   1180.56   673.9   161736.11
225   1849.54   1180.56   668.98   160555.56
226   1844.62   1180.56   664.06   159375.0
227   1839.7   1180.56   659.14   158194.44
228   1834.78   1180.56   654.22   157013.89
229   1829.86   1180.56   649.31   155833.33
230   1824.94   1180.56   644.39   154652.78
231   1820.02   1180.56   639.47   153472.22
232   1815.1   1180.56   634.55   152291.67
233   1810.19   1180.56   629.63   151111.11
234   1805.27   1180.56   624.71   149930.56
235   1800.35   1180.56   619.79   148750.0
236   1795.43   1180.56   614.87   147569.44
237   1790.51   1180.56   609.95   146388.89
238   1785.59   1180.56   605.03   145208.33
239   1780.67   1180.56   600.12   144027.78
240   1775.75   1180.56   595.2   142847.22
241   1770.83   1180.56   590.28   141666.67
242   1765.91   1180.56   585.36   140486.11
243   1761.0   1180.56   580.44   139305.56
244   1756.08   1180.56   575.52   138125.0
245   1751.16   1180.56   570.6   136944.44
246   1746.24   1180.56   565.68   135763.89
247   1741.32   1180.56   560.76   134583.33
248   1736.4   1180.56   555.84   133402.78
249   1731.48   1180.56   550.93   132222.22
250   1726.56   1180.56   546.01   131041.67
251   1721.64   1180.56   541.09   129861.11
252   1716.72   1180.56   536.17   128680.56
253   1711.81   1180.56   531.25   127500.0
254   1706.89   1180.56   526.33   126319.44
255   1701.97   1180.56   521.41   125138.89
256   1697.05   1180.56   516.49   123958.33
257   1692.13   1180.56   511.57   122777.78
258   1687.21   1180.56   506.66   121597.22
259   1682.29   1180.56   501.74   120416.67
260   1677.37   1180.56   496.82   119236.11
261   1672.45   1180.56   491.9   118055.56
262   1667.53   1180.56   486.98   116875.0
263   1662.62   1180.56   482.06   115694.44
264   1657.7   1180.56   477.14   114513.89
265   1652.78   1180.56   472.22   113333.33
266   1647.86   1180.56   467.3   112152.78
267   1642.94   1180.56   462.38   110972.22
268   1638.02   1180.56   457.47   109791.67
269   1633.1   1180.56   452.55   108611.11
270   1628.18   1180.56   447.63   107430.56
271   1623.26   1180.56   442.71   106250.0
272   1618.34   1180.56   437.79   105069.44
273   1613.43   1180.56   432.87   103888.89
274   1608.51   1180.56   427.95   102708.33
275   1603.59   1180.56   423.03   101527.78
276   1598.67   1180.56   418.11   100347.22
277   1593.75   1180.56   413.19   99166.67
278   1588.83   1180.56   408.28   97986.11
279   1583.91   1180.56   403.36   96805.56
280   1578.99   1180.56   398.44   95625.0
281   1574.07   1180.56   393.52   94444.44
282   1569.16   1180.56   388.6   93263.89
283   1564.24   1180.56   383.68   92083.33
284   1559.32   1180.56   378.76   90902.78
285   1554.4   1180.56   373.84   89722.22
286   1549.48   1180.56   368.92   88541.67
287   1544.56   1180.56   364.0   87361.11
288   1539.64   1180.56   359.09   86180.56
289   1534.72   1180.56   354.17   85000.0
290   1529.8   1180.56   349.25   83819.44
291   1524.88   1180.56   344.33   82638.89
292   1519.97   1180.56   339.41   81458.33
293   1515.05   1180.56   334.49   80277.78
294   1510.13   1180.56   329.57   79097.22
295   1505.21   1180.56   324.65   77916.67
296   1500.29   1180.56   319.73   76736.11
297   1495.37   1180.56   314.81   75555.56
298   1490.45   1180.56   309.9   74375.0
299   1485.53   1180.56   304.98   73194.44
300   1480.61   1180.56   300.06   72013.89
301   1475.69   1180.56   295.14   70833.33
302   1470.78   1180.56   290.22   69652.78
303   1465.86   1180.56   285.3   68472.22
304   1460.94   1180.56   280.38   67291.67
305   1456.02   1180.56   275.46   66111.11
306   1451.1   1180.56   270.54   64930.56
307   1446.18   1180.56   265.62   63750.0
308   1441.26   1180.56   260.71   62569.44
309   1436.34   1180.56   255.79   61388.89
310   1431.42   1180.56   250.87   60208.33
311   1426.5   1180.56   245.95   59027.78
312   1421.59   1180.56   241.03   57847.22
313   1416.67   1180.56   236.11   56666.67
314   1411.75   1180.56   231.19   55486.11
315   1406.83   1180.56   226.27   54305.56
316   1401.91   1180.56   221.35   53125.0
317   1396.99   1180.56   216.44   51944.44
318   1392.07   1180.56   211.52   50763.89
319   1387.15   1180.56   206.6   49583.33
320   1382.23   1180.56   201.68   48402.78
321   1377.31   1180.56   196.76   47222.22
322   1372.4   1180.56   191.84   46041.67
323   1367.48   1180.56   186.92   44861.11
324   1362.56   1180.56   182.0   43680.56
325   1357.64   1180.56   177.08   42500.0
326   1352.72   1180.56   172.16   41319.44
327   1347.8   1180.56   167.25   40138.89
328   1342.88   1180.56   162.33   38958.33
329   1337.96   1180.56   157.41   37777.78
330   1333.04   1180.56   152.49   36597.22
331   1328.12   1180.56   147.57   35416.67
332   1323.21   1180.56   142.65   34236.11
333   1318.29   1180.56   137.73   33055.56
334   1313.37   1180.56   132.81   31875.0
335   1308.45   1180.56   127.89   30694.44
336   1303.53   1180.56   122.97   29513.89
337   1298.61   1180.56   118.06   28333.33
338   1293.69   1180.56   113.14   27152.78
339   1288.77   1180.56   108.22   25972.22
340   1283.85   1180.56   103.3   24791.67
341   1278.94   1180.56   98.38   23611.11
342   1274.02   1180.56   93.46   22430.56
343   1269.1   1180.56   88.54   21250.0
344   1264.18   1180.56   83.62   20069.44
345   1259.26   1180.56   78.7   18888.89
346   1254.34   1180.56   73.78   17708.33
347   1249.42   1180.56   68.87   16527.78
348   1244.5   1180.56   63.95   15347.22
349   1239.58   1180.56   59.03   14166.67
350   1234.66   1180.56   54.11   12986.11
351   1229.75   1180.56   49.19   11805.56
352   1224.83   1180.56   44.27   10625.0
353   1219.91   1180.56   39.35   9444.44
354   1214.99   1180.56   34.43   8263.89
355   1210.07   1180.56   29.51   7083.33
356   1205.15   1180.56   24.59   5902.78
357   1200.23   1180.56   19.68   4722.22
358   1195.31   1180.56   14.76   3541.67
359   1190.39   1180.56   9.84   2361.11
360   1185.47   1180.56   4.92   1180.56

